% ERK3 Heun formula
b3H = [1/4,0,3/4]; 
c3H = [0,1/3,2/3]; 
A3H = [0 0
    1/3 0
    0 2/3];

% ERK3 Nystrom formula
b3N = [1/4,1/4,1/2]; 
c3N = [0,2/3,2/3]; 
A3N = [0 0
    2/3 0
    1/6 1/2];

% ERK3 Classic formula
b3C = [1/6,2/3,1/6]; 
c3C = [0,1/2,1]; 
A3C = [0 0
    1/2 0
    -1 2];

% ERK4 formula1
b4_1=[1/8,3/8,3/8,1/8]; c4_1=[0,1/3,2/3,1]; 
A4_1=[0 0 0
   1/3 0 0 
   -1/3 1 0 
   1 -1 1];

% ERK4 formula2
b4_2=[1/6,1/3,1/3,1/6]; c4_2=[0,1/2,1/2,1]; 
A4_2=[0 0 0
   1/2 0 0 
   0 1/2 0 
   0 0 1];
